[gd_scene load_steps=11 format=3 uid="uid://bnhxhb7in5rom"]

[ext_resource type="Script" path="res://scripts/UI/main_menu.gd" id="1_o1aiu"]
[ext_resource type="PackedScene" uid="uid://ee14rnbpi5rb" path="res://assets/world/boss_room.glb" id="2_r1gps"]
[ext_resource type="PackedScene" uid="uid://njalfnfk7d15" path="res://assets/player/Sekiro_like_player_character.glb" id="3_r4u4m"]
[ext_resource type="PackedScene" uid="uid://bc65ydjyf0eai" path="res://assets/boss_1/boss_1.glb" id="4_jlqip"]
[ext_resource type="PackedScene" uid="uid://cq12x3g524xb8" path="res://scenes/boss_spear.tscn" id="5_8wr27"]
[ext_resource type="PackedScene" uid="uid://docshgc7ugibe" path="res://scenes/UI/main_menu_hud.tscn" id="6_o2ggl"]

[sub_resource type="ProceduralSkyMaterial" id="ProceduralSkyMaterial_t8dki"]
sky_horizon_color = Color(0.556863, 0.211765, 0, 1)
ground_bottom_color = Color(0.988235, 0.454902, 0, 1)
ground_horizon_color = Color(0.556863, 0.211765, 0, 1)

[sub_resource type="Sky" id="Sky_eoj84"]
sky_material = SubResource("ProceduralSkyMaterial_t8dki")

[sub_resource type="Environment" id="Environment_sc0he"]
background_mode = 2
sky = SubResource("Sky_eoj84")
ambient_light_source = 3
sdfgi_enabled = true
volumetric_fog_enabled = true
volumetric_fog_density = 0.0
volumetric_fog_length = 300.0

[sub_resource type="FogMaterial" id="FogMaterial_fabvp"]
albedo = Color(1, 0.4, 0, 1)
emission = Color(1, 0.4, 0, 1)
edge_fade = 0.303143

[node name="main_menu" type="Node3D" node_paths=PackedStringArray("ui")]
script = ExtResource("1_o1aiu")
ui = NodePath("main_menu_hud")

[node name="boss_room" parent="." instance=ExtResource("2_r1gps")]

[node name="Cube" parent="boss_room" index="93"]
visible = false

[node name="Cube_001" parent="boss_room" index="94"]
visible = false

[node name="Cube_002" parent="boss_room" index="95"]
visible = false

[node name="Cube_003" parent="boss_room" index="96"]
visible = false

[node name="Sekiro_like_player_character" parent="." instance=ExtResource("3_r4u4m")]

[node name="boss_1" parent="." instance=ExtResource("4_jlqip")]
transform = Transform3D(-1, 0, 8.74228e-08, 0, 1, 0, -8.74228e-08, 0, -1, 0, 0.3, 21)

[node name="BoneAttachment3D" type="BoneAttachment3D" parent="boss_1/Armature/GeneralSkeleton" index="1"]
transform = Transform3D(0, -1, 0, 0, 0, -1, 1, 0, 0, -0.974495, 1.75702, -0.0426159)
bone_name = "spear_hand_right"
bone_idx = 39

[node name="boss_spear" parent="boss_1/Armature/GeneralSkeleton/BoneAttachment3D" instance=ExtResource("5_8wr27")]
transform = Transform3D(0.901375, 0.344001, -0.263029, -0.430101, 0.640588, -0.636128, -0.0503354, 0.68652, 0.725366, 0, 0, 0)

[node name="WorldEnvironment" type="WorldEnvironment" parent="."]
environment = SubResource("Environment_sc0he")

[node name="DirectionalLight3D" type="DirectionalLight3D" parent="."]
transform = Transform3D(1, 0, 0, 0, -0.615579, 0.788075, 0, -0.788075, -0.615579, 0, 5.23044, 0)
shadow_enabled = true

[node name="FogVolume" type="FogVolume" parent="."]
transform = Transform3D(1, 0, 0, 0, 1, 0, 0, 0, 1, 0, -40.9572, 2.58915)
size = Vector3(300, 5, 300)
shape = 2
material = SubResource("FogMaterial_fabvp")

[node name="Camera3D" type="Camera3D" parent="."]
transform = Transform3D(-0.509761, -0.199346, 0.836902, 0, 0.972784, 0.231712, -0.860316, 0.118118, -0.495888, 35.1541, 10.4251, 4.1698)

[node name="main_menu_hud" parent="." instance=ExtResource("6_o2ggl")]

[editable path="boss_room"]
[editable path="Sekiro_like_player_character"]
[editable path="boss_1"]
